# k [h/Mpc]    P(k) [(Mpc/h)^3]
1.042299999999999999e-05 5.238501973569472625e+01
2.329349999999999983e-05 1.133639838942202402e+02
3.620929999999999906e-05 1.731363982279208642e+02
4.920480000000000025e-05 2.323999692323183979e+02
6.231549999999999655e-05 2.915443510651798533e+02
7.557739999999999912e-05 3.508558167863060930e+02
8.902789999999999510e-05 4.105764561788657829e+02
1.027060000000000023e-04 4.709255718802450588e+02
1.166519999999999938e-04 5.321118277978901006e+02
1.309100000000000053e-04 5.943497654079382073e+02
1.455250000000000001e-04 6.578469257508338615e+02
1.605470000000000063e-04 7.228238265452349651e+02
1.760269999999999869e-04 7.895033743826488717e+02
1.920219999999999989e-04 8.581283676997584280e+02
2.085939999999999886e-04 9.289531025806701336e+02
2.258100000000000081e-04 1.002253396356771077e+03
2.437410000000000097e-04 1.078315906903279711e+03
2.624670000000000063e-04 1.157458555382369923e+03
2.820750000000000124e-04 1.240028287965012851e+03
3.026589999999999901e-04 1.326389118973783752e+03
3.243230000000000049e-04 1.416945866410339022e+03
3.471799999999999930e-04 1.512128954127299949e+03
3.713529999999999934e-04 1.612408862757730731e+03
3.969760000000000020e-04 1.718280793279446925e+03
4.241949999999999866e-04 1.830289111642992793e+03
4.531679999999999953e-04 1.949009861659922535e+03
4.840620000000000014e-04 2.075042957595014741e+03
5.170570000000000201e-04 2.209031569419671087e+03
5.523410000000000299e-04 2.351617656200464353e+03
5.901079999999999954e-04 2.503466418933907789e+03
6.305590000000000457e-04 2.665226461103189195e+03
6.738920000000000457e-04 2.837530295712274437e+03
7.203020000000000299e-04 3.020957116787346877e+03
7.699729999999999682e-04 3.216025804376951783e+03
8.230699999999999648e-04 3.423138154854610093e+03
8.797359999999999946e-04 3.642591574214014599e+03
9.400819999999999619e-04 3.874528171628744985e+03
1.004179999999999916e-03 4.118900020022207173e+03
1.072079999999999995e-03 4.375588304679327848e+03
1.143759999999999959e-03 4.644128669649390758e+03
1.219170000000000106e-03 4.923994266152287310e+03
1.298239999999999984e-03 5.214533061776395698e+03
1.380829999999999991e-03 5.514856216917933125e+03
1.466800000000000092e-03 5.824042511769363045e+03
1.555959999999999895e-03 6.141090440166130975e+03
1.648139999999999978e-03 6.465033880247667184e+03
1.743130000000000070e-03 6.794797380257554323e+03
1.840739999999999998e-03 7.129403116734609284e+03
1.940759999999999924e-03 7.467837604247139097e+03
2.043000000000000111e-03 7.809189824800638235e+03
2.147280000000000109e-03 8.152596772951037565e+03
2.253419999999999902e-03 8.497238593590440360e+03
2.361260000000000008e-03 8.842415190250672822e+03
2.470650000000000016e-03 9.187455235470846674e+03
2.581449999999999891e-03 9.531747758885945586e+03
2.693549999999999851e-03 9.874853174017522178e+03
2.806819999999999801e-03 1.021622560734751642e+04
2.921159999999999902e-03 1.055546655575391924e+04
3.036469999999999881e-03 1.089219888647414518e+04
3.152680000000000152e-03 1.122614577576945521e+04
3.269699999999999950e-03 1.155700265561717424e+04
3.387470000000000064e-03 1.188456140628515095e+04
3.505920000000000043e-03 1.220859515955187271e+04
3.625000000000000184e-03 1.252893223344618673e+04
3.744659999999999916e-03 1.284543923024502146e+04
3.864840000000000029e-03 1.315790695022472573e+04
3.985520000000000208e-03 1.346635200166971845e+04
4.106649999999999884e-03 1.377058842979690962e+04
4.228199999999999667e-03 1.407062137125546178e+04
4.350129999999999796e-03 1.436628171431069859e+04
4.472430000000000329e-03 1.465762389145873749e+04
4.595059999999999770e-03 1.494458527398352817e+04
4.717999999999999972e-03 1.522710728972357902e+04
4.841220000000000245e-03 1.550510214854531114e+04
4.964719999999999724e-03 1.577875148730894398e+04
5.088470000000000319e-03 1.604790958075019262e+04
5.212460000000000357e-03 1.631259699652093150e+04
5.336669999999999955e-03 1.657295678974056136e+04
5.461090000000000041e-03 1.682883584231128407e+04
5.585699999999999867e-03 1.708027267590395059e+04
5.710490000000000357e-03 1.732679154832334461e+04
5.835459999999999779e-03 1.756943324407192267e+04
5.960589999999999986e-03 1.780774681466893526e+04
6.085880000000000109e-03 1.804172305452684304e+04
6.211310000000000268e-03 1.827133520086597855e+04
6.336879999999999596e-03 1.849674201477594033e+04
6.462589999999999828e-03 1.871793637568209306e+04
6.588410000000000273e-03 1.893464925058771769e+04
6.714359999999999946e-03 1.914754170301774138e+04
6.840409999999999893e-03 1.935621897877607989e+04
6.966579999999999995e-03 1.956122971877587406e+04
7.092850000000000370e-03 1.976187415934733144e+04
7.219210000000000210e-03 1.995805615711435166e+04
7.345670000000000324e-03 2.015121108165609257e+04
7.472219999999999904e-03 2.034012738547737899e+04
7.598849999999999875e-03 2.052500181415710904e+04
7.725570000000000180e-03 2.070594386494885111e+04
7.852359999999999202e-03 2.088298774806347501e+04
7.979240000000000291e-03 2.105647621383756632e+04
8.106179999999999289e-03 2.122591549584940731e+04
8.233189999999999606e-03 2.139203783426317023e+04
8.360279999999999448e-03 2.155513090204028049e+04
8.487430000000000668e-03 2.171387282165554643e+04
8.614639999999999798e-03 2.186903237980280392e+04
8.741910000000000305e-03 2.202059460227973250e+04
8.869240000000000457e-03 2.216870669152594201e+04
8.996630000000000252e-03 2.231346447547027856e+04
9.124079999999999691e-03 2.245367656096093197e+04
9.251580000000000567e-03 2.259158824907652888e+04
9.379129999999999412e-03 2.272618491449774956e+04
9.506739999999999635e-03 2.285827873326122062e+04
9.634389999999999621e-03 2.298631156729200302e+04
9.762099999999999250e-03 2.311099171429524722e+04
9.889850000000000377e-03 2.323248486414688523e+04
1.001759999999999977e-02 2.334978359915316469e+04
1.014550000000000000e-02 2.346619059055422622e+04
1.027340000000000024e-02 2.357835742544294408e+04
1.040130000000000048e-02 2.368654133384168381e+04
1.052930000000000012e-02 2.379363472495121096e+04
1.065729999999999976e-02 2.389588629837541885e+04
1.078540000000000054e-02 2.399702103970380631e+04
1.091349999999999959e-02 2.409436891516157993e+04
1.104160000000000037e-02 2.418871371036930577e+04
1.116980000000000056e-02 2.428036428508245081e+04
1.129800000000000075e-02 2.436895170244180554e+04
1.142630000000000035e-02 2.445425786519293979e+04
1.155459999999999994e-02 2.453747475347933869e+04
1.168289999999999954e-02 2.461898411836198648e+04
1.181130000000000027e-02 2.469585077573766102e+04
1.193969999999999927e-02 2.477201576043868045e+04
1.206810000000000001e-02 2.484364395381298164e+04
1.219660000000000015e-02 2.491466156125729685e+04
1.232519999999999970e-02 2.498137774332881236e+04
1.245369999999999984e-02 2.504717966781104406e+04
1.258229999999999939e-02 2.510975761162456547e+04
1.271090000000000067e-02 2.516851664560415520e+04
1.283959999999999962e-02 2.522638458264065048e+04
1.296830000000000031e-02 2.528153833214832775e+04
1.309710000000000041e-02 2.533440392577598686e+04
1.322579999999999936e-02 2.538485351711783733e+04
1.335459999999999946e-02 2.543372145118846311e+04
1.348350000000000069e-02 2.547974874495364566e+04
1.361240000000000019e-02 2.552356745212503665e+04
1.374129999999999970e-02 2.556470068292564247e+04
1.387030000000000034e-02 2.560349628600516371e+04
1.399919999999999984e-02 2.564094882047141800e+04
1.412829999999999989e-02 2.567600592281491117e+04
1.425730000000000053e-02 2.570801293259290105e+04
1.438649999999999998e-02 2.573937494844911998e+04
1.451560000000000003e-02 2.576736821505296029e+04
1.464479999999999948e-02 2.579317761908604007e+04
1.477400000000000067e-02 2.581908032391986490e+04
1.490320000000000013e-02 2.584155886919509430e+04
1.503250000000000072e-02 2.586124599102453794e+04
1.516190000000000072e-02 2.587953515903677544e+04
1.529119999999999958e-02 2.589736491927197858e+04
1.542070000000000073e-02 2.591240669982616964e+04
1.555010000000000073e-02 2.592535142049607748e+04
1.567959999999999840e-02 2.593654723442985414e+04
1.580909999999999954e-02 2.594578095893465434e+04
1.593870000000000009e-02 2.595339180333035620e+04
1.606830000000000064e-02 2.595798297423946133e+04
1.619800000000000059e-02 2.596202225996616107e+04
1.632770000000000055e-02 2.596443591795424072e+04
1.645740000000000050e-02 2.596509130632948654e+04
1.658719999999999986e-02 2.596416396986706241e+04
1.671699999999999922e-02 2.596160692223239676e+04
1.684690000000000146e-02 2.595727029572313040e+04
1.697680000000000022e-02 2.595151291820607730e+04
1.710679999999999840e-02 2.594401869639187498e+04
1.723680000000000004e-02 2.593613279498492921e+04
1.736690000000000109e-02 2.592450827620378550e+04
1.749699999999999867e-02 2.591245660325675271e+04
1.762719999999999912e-02 2.589891556828873945e+04
1.775739999999999957e-02 2.588393024636746122e+04
1.788760000000000003e-02 2.586735855243472542e+04
1.801789999999999989e-02 2.584944389780206620e+04
1.814829999999999915e-02 2.583020592448957905e+04
1.827869999999999842e-02 2.580952857026823040e+04
1.840920000000000056e-02 2.578756887639638080e+04
1.853969999999999924e-02 2.576438134086094215e+04
1.867030000000000078e-02 2.573952966251569160e+04
1.880089999999999886e-02 2.571374631830590442e+04
1.893159999999999982e-02 2.568625094810171868e+04
1.906240000000000018e-02 2.565876441117659124e+04
1.919320000000000054e-02 2.562887652413436081e+04
1.932410000000000030e-02 2.559706992710201303e+04
1.945500000000000007e-02 2.556581085651084140e+04
1.958599999999999924e-02 2.553172389707079492e+04
1.971699999999999842e-02 2.549780173274803747e+04
1.984819999999999987e-02 2.546137503912570173e+04
1.997940000000000133e-02 2.542506945329068913e+04
2.011059999999999931e-02 2.538734720597462729e+04
2.024199999999999958e-02 2.534785590619338109e+04
2.037339999999999984e-02 2.530811498038014179e+04
2.050480000000000011e-02 2.526727334494340175e+04
2.063639999999999919e-02 2.522488216992997332e+04
2.076799999999999827e-02 2.518239134312429815e+04
2.089970000000000022e-02 2.513764685826305140e+04
2.103150000000000158e-02 2.509260270928060345e+04
2.116329999999999947e-02 2.504672221500459273e+04
2.129520000000000024e-02 2.499978269821623689e+04
2.142720000000000041e-02 2.495153199650482566e+04
2.155929999999999999e-02 2.490287507958491551e+04
2.169149999999999898e-02 2.485356219969734957e+04
2.182380000000000084e-02 2.480316230507679211e+04
2.195609999999999923e-02 2.475158106156563372e+04
2.208859999999999990e-02 2.469895975020097831e+04
2.222110000000000057e-02 2.464590617875747921e+04
2.235370000000000065e-02 2.459236567239115175e+04
2.248649999999999954e-02 2.453746565810701213e+04
2.261929999999999844e-02 2.448200216553095015e+04
2.275220000000000020e-02 2.442582494798099651e+04
2.288520000000000137e-02 2.436885776091074513e+04
2.301840000000000136e-02 2.431194340000916054e+04
2.315160000000000134e-02 2.425289198158741056e+04
2.328490000000000074e-02 2.419382018947787219e+04
2.341839999999999894e-02 2.413420451334559402e+04
2.355200000000000002e-02 2.407441575829439171e+04
2.368560000000000110e-02 2.401263169826211015e+04
2.381940000000000099e-02 2.395162488914032656e+04
2.395339999999999969e-02 2.388874761131922060e+04
2.408739999999999840e-02 2.382583937288906964e+04
2.422159999999999938e-02 2.376236990482284455e+04
2.435580000000000037e-02 2.369825520223509011e+04
2.449029999999999957e-02 2.363369628230184026e+04
2.462479999999999877e-02 2.356842560725601652e+04
2.475950000000000026e-02 2.350273288305950337e+04
2.489430000000000115e-02 2.343690909115849718e+04
2.502930000000000085e-02 2.336975858110893751e+04
2.516439999999999996e-02 2.330250041083152246e+04
2.529970000000000135e-02 2.323486446087111108e+04
2.543509999999999868e-02 2.316658727066552092e+04
2.557069999999999829e-02 2.309832656694748584e+04
2.570640000000000078e-02 2.302879446007357183e+04
2.584229999999999861e-02 2.295920667492768916e+04
2.597829999999999931e-02 2.288930235641073159e+04
2.611460000000000170e-02 2.281935504468120416e+04
2.625100000000000003e-02 2.274826967198040802e+04
2.638750000000000123e-02 2.267736862917936742e+04
2.652430000000000065e-02 2.260579630267499306e+04
2.666119999999999948e-02 2.253377233297361454e+04
2.679830000000000059e-02 2.246148239366392227e+04
2.693569999999999992e-02 2.238910969875025330e+04
2.707319999999999866e-02 2.231612677618124144e+04
2.721089999999999967e-02 2.224281107320577212e+04
2.734879999999999950e-02 2.216945443049549431e+04
2.748690000000000161e-02 2.209559434501793658e+04
2.762529999999999847e-02 2.202178796103025161e+04
2.776380000000000167e-02 2.194722917385434630e+04
2.790259999999999962e-02 2.187255118170013520e+04
2.804159999999999986e-02 2.179740224453006522e+04
2.818089999999999831e-02 2.172233806926264151e+04
2.832039999999999905e-02 2.164729239495717775e+04
2.846009999999999859e-02 2.157142059404318206e+04
2.860009999999999983e-02 2.149565612088103444e+04
2.874039999999999928e-02 2.141953117101282623e+04
2.888090000000000102e-02 2.134326586294146909e+04
2.902170000000000097e-02 2.126684379438933684e+04
2.916279999999999914e-02 2.119046146604315800e+04
2.930409999999999959e-02 2.111348536650499955e+04
2.944580000000000114e-02 2.103672643815389893e+04
2.958770000000000150e-02 2.095957731691652589e+04
2.972990000000000008e-02 2.088230360683649633e+04
2.987249999999999975e-02 2.080497826786016594e+04
3.001540000000000111e-02 2.072744400300051711e+04
3.015860000000000068e-02 2.064980213680961242e+04
3.030209999999999848e-02 2.057196322864319518e+04
3.044600000000000084e-02 2.049409323297360606e+04
3.059030000000000082e-02 2.041629194428378469e+04
3.073479999999999962e-02 2.033815003710954261e+04
3.087979999999999892e-02 2.025986377092093608e+04
3.102519999999999931e-02 2.018175555689637986e+04
3.117090000000000138e-02 2.010328968868382071e+04
3.131699999999999762e-02 2.002482008674660756e+04
3.146360000000000129e-02 1.994641179495242250e+04
3.161049999999999971e-02 1.986804246051601876e+04
3.175789999999999863e-02 1.978955028930670233e+04
3.190579999999999805e-02 1.971074620688574578e+04
3.205410000000000204e-02 1.963214848320393867e+04
3.220279999999999671e-02 1.955366558101913688e+04
3.235210000000000169e-02 1.947484229763335679e+04
3.250179999999999736e-02 1.939604411489587437e+04
3.265200000000000047e-02 1.931723609022015808e+04
3.280269999999999714e-02 1.923842080859316411e+04
3.295399999999999718e-02 1.915965668082257980e+04
3.310579999999999773e-02 1.908079362250769191e+04
3.325820000000000165e-02 1.900208091083463660e+04
3.341109999999999913e-02 1.892327355298016846e+04
3.356459999999999999e-02 1.884442806998892047e+04
3.371880000000000016e-02 1.876598292723771010e+04
3.387350000000000083e-02 1.868687254879673492e+04
3.402890000000000081e-02 1.860816416849322559e+04
3.418500000000000011e-02 1.852947391264879843e+04
3.434170000000000278e-02 1.845075019390939269e+04
3.449920000000000070e-02 1.837209666384656884e+04
3.465730000000000199e-02 1.829341070641281840e+04
3.481619999999999854e-02 1.821489025409642272e+04
3.497580000000000133e-02 1.813619637746366425e+04
3.513630000000000225e-02 1.805771598524524597e+04
3.529750000000000248e-02 1.797915692755208511e+04
3.545949999999999797e-02 1.790066402151741204e+04
3.562239999999999851e-02 1.782218838927171601e+04
3.578619999999999718e-02 1.774391991929708820e+04
3.595090000000000091e-02 1.766566455163874343e+04
3.611650000000000277e-02 1.758722831218103966e+04
3.628309999999999869e-02 1.750884766576785114e+04
3.645070000000000254e-02 1.743090356122684898e+04
3.661930000000000046e-02 1.735272102277591330e+04
3.678900000000000226e-02 1.727443828763191777e+04
3.695969999999999811e-02 1.719639067426633483e+04
3.713160000000000072e-02 1.711837605358018118e+04
3.730460000000000026e-02 1.704044156336559536e+04
3.747890000000000249e-02 1.696238250469308696e+04
3.765439999999999759e-02 1.688453379096144272e+04
3.783120000000000233e-02 1.680674149359982403e+04
3.800930000000000281e-02 1.672890397363276134e+04
3.818880000000000191e-02 1.665115351525303413e+04
3.836969999999999964e-02 1.657338759221780128e+04
3.855209999999999887e-02 1.649564086964966191e+04
3.873599999999999960e-02 1.641800185355973008e+04
3.892149999999999777e-02 1.634040764270021646e+04
3.910860000000000031e-02 1.626275407384590835e+04
3.929749999999999910e-02 1.618520808091515937e+04
3.948809999999999820e-02 1.610762442964777438e+04
3.968050000000000049e-02 1.603003308021167868e+04
3.987489999999999785e-02 1.595240519882414083e+04
4.007129999999999720e-02 1.587501663071749135e+04
4.026969999999999855e-02 1.579737639786943691e+04
4.047019999999999784e-02 1.571989393747144277e+04
4.067300000000000082e-02 1.564234325205264577e+04
4.087810000000000055e-02 1.556480600816023616e+04
4.108570000000000277e-02 1.548724478750280468e+04
4.129580000000000056e-02 1.540954788883744186e+04
4.150849999999999679e-02 1.533183102451918421e+04
4.172399999999999720e-02 1.525433963072378356e+04
4.194239999999999774e-02 1.517632356918784171e+04
4.216380000000000128e-02 1.509856475881485858e+04
4.238829999999999681e-02 1.502059830623877860e+04
4.261619999999999991e-02 1.494260045615294075e+04
4.284759999999999958e-02 1.486448526928142928e+04
4.308250000000000274e-02 1.478622859957269793e+04
4.332140000000000296e-02 1.470787382077120674e+04
4.356419999999999737e-02 1.462945576704679661e+04
4.381129999999999747e-02 1.455069147141018038e+04
4.406290000000000207e-02 1.447190028632234862e+04
4.431920000000000304e-02 1.439292011990610081e+04
4.458050000000000207e-02 1.431371310250881288e+04
4.484699999999999798e-02 1.423430291115248292e+04
4.511910000000000226e-02 1.415448358630309122e+04
4.539719999999999867e-02 1.407442727316241690e+04
4.568149999999999988e-02 1.399405045274241274e+04
4.597249999999999948e-02 1.391373790774071313e+04
4.627069999999999794e-02 1.383233376179801417e+04
4.657639999999999697e-02 1.375101578129970403e+04
4.689030000000000281e-02 1.366915218441487923e+04
4.721290000000000209e-02 1.358700540164395534e+04
4.754479999999999817e-02 1.350399481107011707e+04
4.788680000000000020e-02 1.342054492680038311e+04
4.823960000000000053e-02 1.333665883454750656e+04
4.860420000000000018e-02 1.325173567132884273e+04
4.898140000000000133e-02 1.316635739316344370e+04
4.937230000000000091e-02 1.308001748408146523e+04
4.977829999999999755e-02 1.299274853942218760e+04
5.020059999999999800e-02 1.290460895893658562e+04
5.064099999999999852e-02 1.281530280281607884e+04
5.110100000000000059e-02 1.272491552522144411e+04
5.158290000000000097e-02 1.263282807522031180e+04
5.208890000000000048e-02 1.253961453952156262e+04
5.262189999999999923e-02 1.244432851068919263e+04
5.318490000000000023e-02 1.234725071434287383e+04
5.378170000000000173e-02 1.224713583845151697e+04
5.441660000000000247e-02 1.214558574524924734e+04
5.509470000000000339e-02 1.204011495531805122e+04
5.582220000000000237e-02 1.193136839102831436e+04
5.660620000000000235e-02 1.181829158427697803e+04
5.745539999999999675e-02 1.170017936830512917e+04
5.838030000000000302e-02 1.157597986270432375e+04
5.939309999999999728e-02 1.144362073769331073e+04
6.050849999999999979e-02 1.130165299212915306e+04
6.174400000000000027e-02 1.114723948654465858e+04
6.311930000000000318e-02 1.097641948593771667e+04
6.465629999999999988e-02 1.078558759848039153e+04
6.637730000000000019e-02 1.056794142060678678e+04
6.830250000000000210e-02 1.031597480218892633e+04
7.044530000000000236e-02 1.002348402718533725e+04
7.280770000000000297e-02 9.683520950881282261e+03
7.537679999999999381e-02 9.293588136727417805e+03
7.812579999999999525e-02 8.857184306947416189e+03
8.101899999999999380e-02 8.384950891108366704e+03
8.401959999999999984e-02 7.892391870170036782e+03
8.709530000000000050e-02 7.399301121751991559e+03
9.022099999999999564e-02 6.924365095729686800e+03
9.337900000000000367e-02 6.483806408360366731e+03
9.655740000000000156e-02 6.089010689658770389e+03
9.974840000000000095e-02 5.746180046285182470e+03
1.029469999999999968e-01 5.456837034563930501e+03
1.061509999999999954e-01 5.218377562520571701e+03
1.093569999999999959e-01 5.024561819240317163e+03
1.125659999999999994e-01 4.867324254380938328e+03
1.157750000000000029e-01 4.736650713802022437e+03
1.189849999999999935e-01 4.622522431375845372e+03
1.221959999999999991e-01 4.515275619049082707e+03
1.254059999999999897e-01 4.406583450759216248e+03
1.286170000000000091e-01 4.289891859099738213e+03
1.318280000000000007e-01 4.161277422795446910e+03
1.350389999999999924e-01 4.019358116913995673e+03
1.382500000000000118e-01 3.865224996393428228e+03
1.414610000000000034e-01 3.702068694334730935e+03
1.446729999999999960e-01 3.534026611995245730e+03
1.478839999999999877e-01 3.366458443206017364e+03
1.510950000000000071e-01 3.204322738650834253e+03
1.543059999999999987e-01 3.052105974850443090e+03
1.575169999999999904e-01 2.913116096104481585e+03
1.607280000000000098e-01 2.789654288073849330e+03
1.639400000000000024e-01 2.682532538385008593e+03
1.671509999999999940e-01 2.591296475098122301e+03
1.703620000000000134e-01 2.514633228853864239e+03
1.735730000000000051e-01 2.450282335305644210e+03
1.767839999999999967e-01 2.395348514796577092e+03
1.799959999999999893e-01 2.346866520052061787e+03
1.832070000000000087e-01 2.301994018776564189e+03
1.864180000000000004e-01 2.258137473971160489e+03
1.896289999999999920e-01 2.212525881651904456e+03
1.928410000000000124e-01 2.163452040730200224e+03
1.960520000000000040e-01 2.109881528454209274e+03
1.992629999999999957e-01 2.051827092495504985e+03
2.024739999999999873e-01 1.989907163608537303e+03
2.056860000000000077e-01 1.925356280090894643e+03
2.088969999999999994e-01 1.859676819816950456e+03
2.121079999999999910e-01 1.794565436914345128e+03
2.153190000000000104e-01 1.731591990692344780e+03
2.185300000000000020e-01 1.671962011684041272e+03
2.217419999999999947e-01 1.616652846873225826e+03
2.249529999999999863e-01 1.566249332546814003e+03
2.281640000000000057e-01 1.521009958077347164e+03
2.313759999999999983e-01 1.480897943109918515e+03
2.345869999999999900e-01 1.445476282342557624e+03
2.377980000000000094e-01 1.414177991355951463e+03
2.410090000000000010e-01 1.386160350873123434e+03
2.442209999999999936e-01 1.360363313542113474e+03
2.474320000000000130e-01 1.335885772102280953e+03
2.506430000000000047e-01 1.311859502810558752e+03
2.538540000000000241e-01 1.287459654846813464e+03
2.570660000000000167e-01 1.262252744379265550e+03
2.602769999999999806e-01 1.235982846009803097e+03
2.634880000000000000e-01 1.208513499999848136e+03
2.666990000000000194e-01 1.180047666181491195e+03
2.699110000000000120e-01 1.150881417751097388e+03
2.731219999999999759e-01 1.121254959498856351e+03
2.763329999999999953e-01 1.091835061034356386e+03
2.795449999999999879e-01 1.062990843560346548e+03
2.827560000000000073e-01 1.035262269724754105e+03
2.859670000000000267e-01 1.009008987783487669e+03
2.891779999999999906e-01 9.844832308580781728e+02
2.923899999999999832e-01 9.617926037331259295e+02
2.956010000000000026e-01 9.409419746801733027e+02
2.988120000000000220e-01 9.217470856260987375e+02
3.020229999999999859e-01 9.040136069207534320e+02
3.052349999999999786e-01 8.875006278775775854e+02
3.084459999999999980e-01 8.718797590952636938e+02
3.116570000000000173e-01 8.569138248477891011e+02
3.148690000000000100e-01 8.423271511735362083e+02
3.180799999999999739e-01 8.278637355584952502e+02
3.212909999999999933e-01 8.133261041821901927e+02
3.245020000000000127e-01 7.986053400293303639e+02
3.277140000000000053e-01 7.836436276319936951e+02
3.309250000000000247e-01 7.684532570003339060e+02
3.341359999999999886e-01 7.531576774162807624e+02
3.373479999999999812e-01 7.378547788752574661e+02
3.405590000000000006e-01 7.226626159375128964e+02
3.437700000000000200e-01 7.077709367547081456e+02
3.469809999999999839e-01 6.932836599616539388e+02
3.501929999999999765e-01 6.792982498277698369e+02
3.534039999999999959e-01 6.658985044669918807e+02
3.566150000000000153e-01 6.531440392832354291e+02
3.598270000000000080e-01 6.410543064808858844e+02
3.630380000000000273e-01 6.296212756488883997e+02
3.662489999999999912e-01 6.187875945138271163e+02
3.694609999999999839e-01 6.084968945198349957e+02
3.726720000000000033e-01 5.985967559750554301e+02
3.758830000000000227e-01 5.890176749792942701e+02
3.790939999999999865e-01 5.796733864667069156e+02
3.823059999999999792e-01 5.704802842502342628e+02
3.855169999999999986e-01 5.613837174919297013e+02
3.887280000000000180e-01 5.523554263970585225e+02
3.919400000000000106e-01 5.433621292039499622e+02
3.951509999999999745e-01 5.344039985189492654e+02
3.983619999999999939e-01 5.254904355294111156e+02
4.015730000000000133e-01 5.166188403896608179e+02
4.047850000000000059e-01 5.078658904096850506e+02
4.079960000000000253e-01 4.992409859892118220e+02
4.112069999999999892e-01 4.907981279574248674e+02
4.144189999999999818e-01 4.825849776344240922e+02
4.176300000000000012e-01 4.745988934818911389e+02
4.208410000000000206e-01 4.668659834224243923e+02
4.240530000000000133e-01 4.593914857101250391e+02
4.272639999999999771e-01 4.521672871881999072e+02
4.304749999999999965e-01 4.451834820357109379e+02
4.336860000000000159e-01 4.384242424084216623e+02
4.368980000000000086e-01 4.318749052816581298e+02
4.401089999999999725e-01 4.255181457407815628e+02
4.433199999999999918e-01 4.193249054239615248e+02
4.465319999999999845e-01 4.132713769997001236e+02
4.497430000000000039e-01 4.073362952483849426e+02
4.529540000000000233e-01 4.014769251878935847e+02
4.561660000000000159e-01 3.956948581815646548e+02
4.593769999999999798e-01 3.899648883285819920e+02
4.625879999999999992e-01 3.843032872989710995e+02
4.657990000000000186e-01 3.787251976909353175e+02
4.690110000000000112e-01 3.732031553381330014e+02
4.722219999999999751e-01 3.677793327186081456e+02
4.754329999999999945e-01 3.624309963226968421e+02
4.786449999999999871e-01 3.571687993732869586e+02
4.818560000000000065e-01 3.520198755065750333e+02
4.850670000000000259e-01 3.469848899288311372e+02
4.882790000000000186e-01 3.420784341805881468e+02
4.914899999999999824e-01 3.373035082369922293e+02
4.947010000000000018e-01 3.326511516191400233e+02
4.979120000000000212e-01 3.281256986284510049e+02
5.011240000000000139e-01 3.237090010564824638e+02
5.043349999999999778e-01 3.193858767351626966e+02
5.075460000000000527e-01 3.151660546325629753e+02
5.107580000000000453e-01 3.110180806144381904e+02
5.139690000000000092e-01 3.069500034806294479e+02
5.171799999999999731e-01 3.029579306906741181e+02
5.203919999999999657e-01 2.990244511720088099e+02
5.236030000000000406e-01 2.951441880899839134e+02
5.268140000000000045e-01 2.913224265919886875e+02
5.300259999999999971e-01 2.875464958550040819e+02
5.332369999999999610e-01 2.838200856683708935e+02
5.364480000000000359e-01 2.801483818310058496e+02
5.396589999999999998e-01 2.765359537108244581e+02
5.428709999999999924e-01 2.729921617971883734e+02
5.460819999999999563e-01 2.695072564578768493e+02
5.492930000000000312e-01 2.660948688665727104e+02
5.525050000000000239e-01 2.627466624712991461e+02
5.557159999999999878e-01 2.594616921818670789e+02
5.589269999999999516e-01 2.562403843915863035e+02
5.621390000000000553e-01 2.530831186062456482e+02
5.653500000000000192e-01 2.499846707158463914e+02
5.924930000000000474e-01 2.259023625526637034e+02
6.231609999999999649e-01 2.022535345141894254e+02
6.586100000000000287e-01 1.791191691507331996e+02
7.008760000000000545e-01 1.560508830880911262e+02
7.535250000000000004e-01 1.327682243703442850e+02
8.233470000000000510e-01 1.087523083238490358e+02
9.243679999999999675e-01 8.356934345155559640e+01
1.084929999999999950e+00 5.776057305494228444e+01
1.338840000000000030e+00 3.527788976579018509e+01
1.683289999999999953e+00 2.042898716026436645e+01
2.119089999999999918e+00 1.168804775349743430e+01
2.667780000000000040e+00 6.632473310595521809e+00
3.358540000000000081e+00 3.735874124487049475e+00
4.228150000000000297e+00 2.090205217423380724e+00
5.322919999999999874e+00 1.162389091343363656e+00
6.701159999999999783e+00 6.427620506980457060e-01
8.436260000000000758e+00 3.536097769815593206e-01
1.062059999999999960e+01 1.936186762509813641e-01
1.337059999999999960e+01 1.055504577777366115e-01
1.683259999999999934e+01 5.730466663935276928e-02
2.119089999999999918e+01 3.099148480020776433e-02
2.667780000000000129e+01 1.669889429463103717e-02
3.358539999999999992e+01 8.965162614089696239e-03
4.228150000000000119e+01 4.795550979263065589e-03
5.322919999999999874e+01 2.555138520018078278e-03
6.701160000000000139e+01 1.355483671617084638e-03
8.436260000000000048e+01 7.152863081791164309e-04
1.062060000000000031e+02 3.749700885506534868e-04
1.337059999999999889e+02 1.948101325021952916e-04
1.683259999999999934e+02 9.997796002332279589e-05
2.119089999999999918e+02 5.044350122391423889e-05
2.667780000000000200e+02 2.487566520520548554e-05
3.358539999999999850e+02 1.191920548078399647e-05
4.228149999999999977e+02 5.534633381594855342e-06
5.322920000000000300e+02 2.506755515642855197e-06
6.701159999999999854e+02 1.130955651844558774e-06
8.436259999999999764e+02 5.240405106677792522e-07
1.062059999999999945e+03 2.522259952635223325e-07
