# k [h/Mpc]    P(k) [(Mpc/h)^3]
1.042299999999999999e-05 5.238502614118394973e+01
2.329349999999999983e-05 1.133639977560414280e+02
3.620929999999999906e-05 1.731364193985406246e+02
4.920480000000000025e-05 2.323999976495167914e+02
6.231549999999999655e-05 2.915443867143827674e+02
7.557739999999999912e-05 3.508558596879440756e+02
8.902789999999999510e-05 4.105765063829714450e+02
1.027060000000000023e-04 4.709256294636666098e+02
1.166519999999999938e-04 5.321118928629906577e+02
1.309100000000000053e-04 5.943498380833144665e+02
1.455250000000000001e-04 6.578470061904598651e+02
1.605470000000000063e-04 7.228239149300491135e+02
1.760269999999999869e-04 7.895034709208458708e+02
1.920219999999999989e-04 8.581284726292218465e+02
2.085939999999999886e-04 9.289532161703780275e+02
2.258100000000000081e-04 1.002253518909427612e+03
2.437410000000000097e-04 1.078316038756640864e+03
2.624670000000000063e-04 1.157458696913065978e+03
2.820750000000000124e-04 1.240028439592097811e+03
3.026589999999999901e-04 1.326389281160822065e+03
3.243230000000000049e-04 1.416946039670395521e+03
3.471799999999999930e-04 1.512129139026069879e+03
3.713529999999999934e-04 1.612409059918438970e+03
3.969760000000000020e-04 1.718281003385869553e+03
4.241949999999999866e-04 1.830289335445469760e+03
4.531679999999999953e-04 1.949010099979230745e+03
4.840620000000000014e-04 2.075043211325286393e+03
5.170570000000000201e-04 2.209031839533684433e+03
5.523410000000000299e-04 2.351617943749492952e+03
5.901079999999999954e-04 2.503466725050565856e+03
6.305590000000000457e-04 2.665226786999398428e+03
6.738920000000000457e-04 2.837530642677299966e+03
7.203020000000000299e-04 3.020957486181275726e+03
7.699729999999999682e-04 3.216026197623317785e+03
8.230699999999999648e-04 3.423138573426077073e+03
8.797359999999999946e-04 3.642592019619612984e+03
9.400819999999999619e-04 3.874528645394882005e+03
1.004179999999999916e-03 4.118900523669429276e+03
1.072079999999999995e-03 4.375588839713654124e+03
1.143759999999999959e-03 4.644129237520058268e+03
1.219170000000000106e-03 4.923994868244113604e+03
1.298239999999999984e-03 5.214533699394469295e+03
1.380829999999999991e-03 5.514856891258656105e+03
1.466800000000000092e-03 5.824043223916493844e+03
1.555959999999999895e-03 6.141091191080969111e+03
1.648139999999999978e-03 6.465034670773375183e+03
1.743130000000000070e-03 6.794798211105792689e+03
1.840739999999999998e-03 7.129403988497473620e+03
1.940759999999999924e-03 7.467838517392796348e+03
2.043000000000000111e-03 7.809190779685861344e+03
2.147280000000000109e-03 8.152597769827072625e+03
2.253419999999999902e-03 8.497239632608283500e+03
2.361260000000000008e-03 8.842416271475716712e+03
2.470650000000000016e-03 9.187456358886391172e+03
2.581449999999999891e-03 9.531748924400588294e+03
2.693549999999999851e-03 9.874854381486105922e+03
2.806819999999999801e-03 1.021622685655813802e+04
2.921159999999999902e-03 1.055546784644594482e+04
3.036469999999999881e-03 1.089220021834082945e+04
3.152680000000000152e-03 1.122614714847020332e+04
3.269699999999999950e-03 1.155700406877414753e+04
3.387470000000000064e-03 1.188456285949506309e+04
3.505920000000000043e-03 1.220859665238369962e+04
3.625000000000000184e-03 1.252893376544790772e+04
3.744659999999999916e-03 1.284544080094830679e+04
3.864840000000000029e-03 1.315790855913566338e+04
3.985520000000000208e-03 1.346635364829642640e+04
4.106649999999999884e-03 1.377059011362477213e+04
4.228199999999999667e-03 1.407062309177048701e+04
4.350129999999999796e-03 1.436628347097821825e+04
4.472430000000000329e-03 1.465762568375073897e+04
4.595059999999999770e-03 1.494458710136434092e+04
4.717999999999999972e-03 1.522710915165036749e+04
4.841220000000000245e-03 1.550510404446451139e+04
4.964719999999999724e-03 1.577875341668919646e+04
5.088470000000000319e-03 1.604791154304232077e+04
5.212460000000000357e-03 1.631259899117827263e+04
5.336669999999999955e-03 1.657295881623394962e+04
5.461090000000000041e-03 1.682883790009282529e+04
5.585699999999999867e-03 1.708027476443046180e+04
5.710490000000000357e-03 1.732679366699347156e+04
5.835459999999999779e-03 1.756943539241157850e+04
5.960589999999999986e-03 1.780774899214888865e+04
6.085880000000000109e-03 1.804172526061673489e+04
6.211310000000000268e-03 1.827133743503218284e+04
6.336879999999999596e-03 1.849674427650424332e+04
6.462589999999999828e-03 1.871793866445740059e+04
6.588410000000000273e-03 1.893465156586205194e+04
6.714359999999999946e-03 1.914754404432395313e+04
6.840409999999999893e-03 1.935622134559874394e+04
6.966579999999999995e-03 1.956123211066666045e+04
7.092850000000000370e-03 1.976187657577234495e+04
7.219210000000000210e-03 1.995805859752793185e+04
7.345670000000000324e-03 2.015121354568810057e+04
7.472219999999999904e-03 2.034012987260953014e+04
7.598849999999999875e-03 2.052500432389517300e+04
7.725570000000000180e-03 2.070594639681198532e+04
7.852359999999999202e-03 2.088299030157502420e+04
7.979240000000000291e-03 2.105647878856278476e+04
8.106179999999999289e-03 2.122591809129317699e+04
8.233189999999999606e-03 2.139204045001989653e+04
8.360279999999999448e-03 2.155513353773955896e+04
8.487430000000000668e-03 2.171387547676532995e+04
8.614639999999999798e-03 2.186903505388504709e+04
8.741910000000000305e-03 2.202059729489457095e+04
8.869240000000000457e-03 2.216870940225149752e+04
8.996630000000000252e-03 2.231346720389640177e+04
9.124079999999999691e-03 2.245367930653178337e+04
9.251580000000000567e-03 2.259159101151082359e+04
9.379129999999999412e-03 2.272618769339013670e+04
9.506739999999999635e-03 2.285828152830565887e+04
9.634389999999999621e-03 2.298631437799192645e+04
9.762099999999999250e-03 2.311099454024069928e+04
9.889850000000000377e-03 2.323248770494817290e+04
1.001759999999999977e-02 2.334978645429740209e+04
1.014550000000000000e-02 2.346619345993237221e+04
1.027340000000000024e-02 2.357836030853652846e+04
1.040130000000000048e-02 2.368654423016368673e+04
1.052930000000000012e-02 2.379363763436828231e+04
1.065729999999999976e-02 2.389588922029551759e+04
1.078540000000000054e-02 2.399702397399037363e+04
1.091349999999999959e-02 2.409437186135156298e+04
1.104160000000000037e-02 2.418871666809550152e+04
1.116980000000000056e-02 2.428036725401541116e+04
1.129800000000000075e-02 2.436895468220698240e+04
1.142630000000000035e-02 2.445426085538910775e+04
1.155459999999999994e-02 2.453747775385102796e+04
1.168289999999999954e-02 2.461898712870040254e+04
1.181130000000000027e-02 2.469585379547511184e+04
1.193969999999999927e-02 2.477201878948936428e+04
1.206810000000000001e-02 2.484364699162215766e+04
1.219660000000000015e-02 2.491466460775030282e+04
1.232519999999999970e-02 2.498138079797968021e+04
1.245369999999999984e-02 2.504718273050797870e+04
1.258229999999999939e-02 2.510976068197335189e+04
1.271090000000000067e-02 2.516851972313782971e+04
1.283959999999999962e-02 2.522638766725024470e+04
1.296830000000000031e-02 2.528154142350196707e+04
1.309710000000000041e-02 2.533440702359387797e+04
1.322579999999999936e-02 2.538485662110455814e+04
1.335459999999999946e-02 2.543372456115061505e+04
1.348350000000000069e-02 2.547975186054387814e+04
1.361240000000000019e-02 2.552357057307329887e+04
1.374129999999999970e-02 2.556470380890355591e+04
1.387030000000000034e-02 2.560349941672688874e+04
1.399919999999999984e-02 2.564095195577273626e+04
1.412829999999999989e-02 2.567600906240291079e+04
1.425730000000000053e-02 2.570801607609462371e+04
1.438649999999999998e-02 2.573937809578569795e+04
1.451560000000000003e-02 2.576737136581247614e+04
1.464479999999999948e-02 2.579318077300145524e+04
1.477400000000000067e-02 2.581908348100258809e+04
1.490320000000000013e-02 2.584156202902643054e+04
1.503250000000000072e-02 2.586124915326315750e+04
1.516190000000000072e-02 2.587953832351174060e+04
1.529119999999999958e-02 2.589736808592711532e+04
1.542070000000000073e-02 2.591240986832057388e+04
1.555010000000000073e-02 2.592535459057332628e+04
1.567959999999999840e-02 2.593655040587609255e+04
1.580909999999999954e-02 2.594578413150996857e+04
1.593870000000000009e-02 2.595339497683629816e+04
1.606830000000000064e-02 2.595798614830680162e+04
1.619800000000000059e-02 2.596202543452741156e+04
1.632770000000000055e-02 2.596443909281062952e+04
1.645740000000000050e-02 2.596509448126600910e+04
1.658719999999999986e-02 2.596416714469019644e+04
1.671699999999999922e-02 2.596161009674286106e+04
1.684690000000000146e-02 2.595727346970332655e+04
1.697680000000000022e-02 2.595151609148227362e+04
1.710679999999999840e-02 2.594402186875170446e+04
1.723680000000000004e-02 2.593613596638049421e+04
1.736690000000000109e-02 2.592451144617793398e+04
1.749699999999999867e-02 2.591245977175725784e+04
1.762719999999999912e-02 2.589891873513348764e+04
1.775739999999999957e-02 2.588393341137984680e+04
1.788760000000000003e-02 2.586736171542077136e+04
1.801789999999999989e-02 2.584944705859755777e+04
1.814829999999999915e-02 2.583020908293270986e+04
1.827869999999999842e-02 2.580953172618299141e+04
1.840920000000000056e-02 2.578757202962597512e+04
1.853969999999999924e-02 2.576438449125523039e+04
1.867030000000000078e-02 2.573953280987118706e+04
1.880089999999999886e-02 2.571374946250869107e+04
1.893159999999999982e-02 2.568625408894244902e+04
1.906240000000000018e-02 2.565876754865634575e+04
1.919320000000000054e-02 2.562887965795951095e+04
1.932410000000000030e-02 2.559707305703794555e+04
1.945500000000000007e-02 2.556581398262450602e+04
1.958599999999999924e-02 2.553172701901640175e+04
1.971699999999999842e-02 2.549780485054574092e+04
1.984819999999999987e-02 2.546137815246925311e+04
1.997940000000000133e-02 2.542507256219489864e+04
2.011059999999999931e-02 2.538735031026626893e+04
2.024199999999999958e-02 2.534785900565614065e+04
2.037339999999999984e-02 2.530811807498349663e+04
2.050480000000000011e-02 2.526727643455275756e+04
2.063639999999999919e-02 2.522488525435586052e+04
2.076799999999999827e-02 2.518239442235452952e+04
2.089970000000000022e-02 2.513764993202205369e+04
2.103150000000000158e-02 2.509260577753173857e+04
2.116329999999999947e-02 2.504672527764559345e+04
2.129520000000000024e-02 2.499978575511760937e+04
2.142720000000000041e-02 2.495153504750623688e+04
2.155929999999999999e-02 2.490287812463670343e+04
2.169149999999999898e-02 2.485356523871930040e+04
2.182380000000000084e-02 2.480316533793598501e+04
2.195609999999999923e-02 2.475158408811762274e+04
2.208859999999999990e-02 2.469896277031858699e+04
2.222110000000000057e-02 2.464590919238784772e+04
2.235370000000000065e-02 2.459236867947474457e+04
2.248649999999999954e-02 2.453746865847758818e+04
2.261929999999999844e-02 2.448200515911960974e+04
2.275220000000000020e-02 2.442582793470046818e+04
2.288520000000000137e-02 2.436886074066443325e+04
2.301840000000000136e-02 2.431194637280352617e+04
2.315160000000000134e-02 2.425289494716113768e+04
2.328490000000000074e-02 2.419382314782846879e+04
2.341839999999999894e-02 2.413420746440656148e+04
2.355200000000000002e-02 2.407441870204456063e+04
2.368560000000000110e-02 2.401263463445750313e+04
2.381940000000000099e-02 2.395162781787598215e+04
2.395339999999999969e-02 2.388875053236642634e+04
2.408739999999999840e-02 2.382584228624403113e+04
2.422159999999999938e-02 2.376237281041694587e+04
2.435580000000000037e-02 2.369825809998943078e+04
2.449029999999999957e-02 2.363369917216210160e+04
2.462479999999999877e-02 2.356842848913516718e+04
2.475950000000000026e-02 2.350273575690593498e+04
2.489430000000000115e-02 2.343691195695618808e+04
2.502930000000000085e-02 2.336976143869565931e+04
2.516439999999999996e-02 2.330250326019410568e+04
2.529970000000000135e-02 2.323486730196336794e+04
2.543509999999999868e-02 2.316659010340903842e+04
2.557069999999999829e-02 2.309832939134427943e+04
2.570640000000000078e-02 2.302879727596818338e+04
2.584229999999999861e-02 2.295920948231330840e+04
2.597829999999999931e-02 2.288930515524865041e+04
2.611460000000000170e-02 2.281935783496616568e+04
2.625100000000000003e-02 2.274827245357325592e+04
2.638750000000000123e-02 2.267737140210264261e+04
2.652430000000000065e-02 2.260579906684660818e+04
2.666119999999999948e-02 2.253377508833834509e+04
2.679830000000000059e-02 2.246148514018924834e+04
2.693569999999999992e-02 2.238911243642605405e+04
2.707319999999999866e-02 2.231612950493290191e+04
2.721089999999999967e-02 2.224281379299259788e+04
2.734879999999999950e-02 2.216945714131247951e+04
2.748690000000000161e-02 2.209559704680352661e+04
2.762529999999999847e-02 2.202179065379100939e+04
2.776380000000000167e-02 2.194723185749827098e+04
2.790259999999999962e-02 2.187255385621264941e+04
2.804159999999999986e-02 2.179740490985358338e+04
2.818089999999999831e-02 2.172234072540752823e+04
2.832039999999999905e-02 2.164729504192569584e+04
2.846009999999999859e-02 2.157142323173431942e+04
2.860009999999999983e-02 2.149565874930790596e+04
2.874039999999999928e-02 2.141953379013135782e+04
2.888090000000000102e-02 2.134326847273450039e+04
2.902170000000000097e-02 2.126684639483769934e+04
2.916279999999999914e-02 2.119046405715170840e+04
2.930409999999999959e-02 2.111348794820113471e+04
2.944580000000000114e-02 2.103672901046417246e+04
2.958770000000000150e-02 2.095957987979322934e+04
2.972990000000000008e-02 2.088230616026439384e+04
2.987249999999999975e-02 2.080498081183294198e+04
3.001540000000000111e-02 2.072744653749262579e+04
3.015860000000000068e-02 2.064980466180789517e+04
3.030209999999999848e-02 2.057196574412356495e+04
3.044600000000000084e-02 2.049409573893225752e+04
3.059030000000000082e-02 2.041629444072911429e+04
3.073479999999999962e-02 2.033815252399991004e+04
3.087979999999999892e-02 2.025986624823867896e+04
3.102519999999999931e-02 2.018175802466327877e+04
3.117090000000000138e-02 2.010329214685613988e+04
3.131699999999999762e-02 2.002482253532389223e+04
3.146360000000000129e-02 1.994641423394216326e+04
3.161049999999999971e-02 1.986804488992298138e+04
3.175789999999999863e-02 1.978955270911586922e+04
3.190579999999999805e-02 1.971074861705898002e+04
3.205410000000000204e-02 1.963215088376646599e+04
3.220279999999999671e-02 1.955366797198500353e+04
3.235210000000000169e-02 1.947484467896094066e+04
3.250179999999999736e-02 1.939604648658824226e+04
3.265200000000000047e-02 1.931723845227610946e+04
3.280269999999999714e-02 1.923842316101180768e+04
3.295399999999999718e-02 1.915965902361017288e+04
3.310579999999999773e-02 1.908079595565213822e+04
3.325820000000000165e-02 1.900208323435432249e+04
3.341109999999999913e-02 1.892327586686351424e+04
3.356459999999999999e-02 1.884443037423126952e+04
3.371880000000000016e-02 1.876598522188801144e+04
3.387350000000000083e-02 1.868687483377365061e+04
3.402890000000000081e-02 1.860816644384590472e+04
3.418500000000000011e-02 1.852947617837946018e+04
3.434170000000000278e-02 1.845075245001394433e+04
3.449920000000000070e-02 1.837209891033359236e+04
3.465730000000000199e-02 1.829341294327835203e+04
3.481619999999999854e-02 1.821489248136070455e+04
3.497580000000000133e-02 1.813619859510548486e+04
3.513630000000000225e-02 1.805771819329070786e+04
3.529750000000000248e-02 1.797915912599157309e+04
3.545949999999999797e-02 1.790066621035901335e+04
3.562239999999999851e-02 1.782219056851754067e+04
3.578619999999999718e-02 1.774392208897247110e+04
3.595090000000000091e-02 1.766566671174528528e+04
3.611650000000000277e-02 1.758723046269662882e+04
3.628309999999999869e-02 1.750884980669927609e+04
3.645070000000000254e-02 1.743090569262749705e+04
3.661930000000000046e-02 1.735272314461662609e+04
3.678900000000000226e-02 1.727444039990044257e+04
3.695969999999999811e-02 1.719639277699142258e+04
3.713160000000000072e-02 1.711837814676586277e+04
3.730460000000000026e-02 1.704044364702167513e+04
3.747890000000000249e-02 1.696238457880432543e+04
3.765439999999999759e-02 1.688453585555356767e+04
3.783120000000000233e-02 1.680674354867972943e+04
3.800930000000000281e-02 1.672890601919492110e+04
3.818880000000000191e-02 1.665115555130808934e+04
3.836969999999999964e-02 1.657338961876386384e+04
3.855209999999999887e-02 1.649564288668908193e+04
3.873599999999999960e-02 1.641800386110567342e+04
3.892149999999999777e-02 1.634040964075816555e+04
3.910860000000000031e-02 1.626275606240860179e+04
3.929749999999999910e-02 1.618521005999575391e+04
3.948809999999999820e-02 1.610762639924166251e+04
3.968050000000000049e-02 1.603003504031791999e+04
3.987489999999999785e-02 1.595240714943826788e+04
4.007129999999999720e-02 1.587501857186876805e+04
4.026969999999999855e-02 1.579737832952708959e+04
4.047019999999999784e-02 1.571989585965476363e+04
4.067300000000000082e-02 1.564234516475329292e+04
4.087810000000000055e-02 1.556480791137985216e+04
4.108570000000000277e-02 1.548724668123845913e+04
4.129580000000000056e-02 1.540954977307254194e+04
4.150849999999999679e-02 1.533183289925128884e+04
4.172399999999999720e-02 1.525434149598046497e+04
4.194239999999999774e-02 1.517632542490494416e+04
4.216380000000000128e-02 1.509856660502383784e+04
4.238829999999999681e-02 1.502060014291424523e+04
4.261619999999999991e-02 1.494260228329105485e+04
4.284759999999999958e-02 1.486448708686784448e+04
4.308250000000000274e-02 1.478623040759011201e+04
4.332140000000000296e-02 1.470787561920762346e+04
4.356419999999999737e-02 1.462945755589447981e+04
4.381129999999999747e-02 1.455069325062679309e+04
4.406290000000000207e-02 1.447190205590460391e+04
4.431920000000000304e-02 1.439292187983088843e+04
4.458050000000000207e-02 1.431371485274839324e+04
4.484699999999999798e-02 1.423430465168201408e+04
4.511910000000000226e-02 1.415448531707254551e+04
4.539719999999999867e-02 1.407442899414281783e+04
4.568149999999999988e-02 1.399405216389456655e+04
4.597249999999999948e-02 1.391373960907248147e+04
4.627069999999999794e-02 1.383233545317591779e+04
4.657639999999999697e-02 1.375101746273427852e+04
4.689030000000000281e-02 1.366915385583940952e+04
4.721290000000000209e-02 1.358700706302381332e+04
4.754479999999999817e-02 1.350399646229967948e+04
4.788680000000000020e-02 1.342054656782593338e+04
4.823960000000000053e-02 1.333666046531570828e+04
4.860420000000000018e-02 1.325173729171288505e+04
4.898140000000000133e-02 1.316635900310767465e+04
4.937230000000000091e-02 1.308001908346830169e+04
4.977829999999999755e-02 1.299275012813802823e+04
5.020059999999999800e-02 1.290461053687497406e+04
5.064099999999999852e-02 1.281530436983436812e+04
5.110100000000000059e-02 1.272491708118743736e+04
5.158290000000000097e-02 1.263282961992611854e+04
5.208890000000000048e-02 1.253961607282948535e+04
5.262189999999999923e-02 1.244433003234581338e+04
5.318490000000000023e-02 1.234725222412910261e+04
5.378170000000000173e-02 1.224713733599598709e+04
5.441660000000000247e-02 1.214558723037646632e+04
5.509470000000000339e-02 1.204011642754860441e+04
5.582220000000000237e-02 1.193136984996165120e+04
5.660620000000000235e-02 1.181829302938360888e+04
5.745539999999999675e-02 1.170018079896933887e+04
5.838030000000000302e-02 1.157598127818177636e+04
5.939309999999999728e-02 1.144362213698627056e+04
6.050849999999999979e-02 1.130165437406270576e+04
6.174400000000000027e-02 1.114724084959697393e+04
6.311930000000000318e-02 1.097642082810265492e+04
6.465629999999999988e-02 1.078558891731095537e+04
6.637730000000000019e-02 1.056794271282420414e+04
6.830250000000000210e-02 1.031597606359659039e+04
7.044530000000000236e-02 1.002348525282807350e+04
7.280770000000000297e-02 9.683522134954313515e+03
7.537679999999999381e-02 9.293589273120587677e+03
7.812579999999999525e-02 8.857185389978383682e+03
8.101899999999999380e-02 8.384951916395992157e+03
8.401959999999999984e-02 7.892392835228966760e+03
8.709530000000000050e-02 7.399302026517206286e+03
9.022099999999999564e-02 6.924365942421091859e+03
9.337900000000000367e-02 6.483807201181526580e+03
9.655740000000000156e-02 6.089011434205446676e+03
9.974840000000000095e-02 5.746180748911516275e+03
1.029469999999999968e-01 5.456837701810234648e+03
1.061509999999999954e-01 5.218378200608738553e+03
1.093569999999999959e-01 5.024562433629253974e+03
1.125659999999999994e-01 4.867324849543319033e+03
1.157750000000000029e-01 4.736651292986019143e+03
1.189849999999999935e-01 4.622522996604564469e+03
1.221959999999999991e-01 4.515276171163970503e+03
1.254059999999999897e-01 4.406583989583539733e+03
1.286170000000000091e-01 4.289892383655350386e+03
1.318280000000000007e-01 4.161277931624455960e+03
1.350389999999999924e-01 4.019358608389521123e+03
1.382500000000000118e-01 3.865225469021999743e+03
1.414610000000000034e-01 3.702069147013020483e+03
1.446729999999999960e-01 3.534027044125833527e+03
1.478839999999999877e-01 3.366458854846852773e+03
1.510950000000000071e-01 3.204323130466182647e+03
1.543059999999999987e-01 3.052106348053164766e+03
1.575169999999999904e-01 2.913116452311920966e+03
1.607280000000000098e-01 2.789654629184735313e+03
1.639400000000000024e-01 2.682532866397355519e+03
1.671509999999999940e-01 2.591296791954386663e+03
1.703620000000000134e-01 2.514633536335967619e+03
1.735730000000000051e-01 2.450282634919105476e+03
1.767839999999999967e-01 2.395348807692889295e+03
1.799959999999999893e-01 2.346866807020135184e+03
1.832070000000000087e-01 2.301994300257757459e+03
1.864180000000000004e-01 2.258137750089701967e+03
1.896289999999999920e-01 2.212526152193192047e+03
1.928410000000000124e-01 2.163452305270880061e+03
1.960520000000000040e-01 2.109881786444441332e+03
1.992629999999999957e-01 2.051827343387007659e+03
2.024739999999999873e-01 1.989907406928649607e+03
2.056860000000000077e-01 1.925356515517911021e+03
2.088969999999999994e-01 1.859677047212871685e+03
2.121079999999999910e-01 1.794565656348634320e+03
2.153190000000000104e-01 1.731592202426422546e+03
2.185300000000000020e-01 1.671962216126736848e+03
2.217419999999999947e-01 1.616653044552876281e+03
2.249529999999999863e-01 1.566249524063267927e+03
2.281640000000000057e-01 1.521010144062060817e+03
2.313759999999999983e-01 1.480898124189850478e+03
2.345869999999999900e-01 1.445476459091230936e+03
2.377980000000000094e-01 1.414178164277560199e+03
2.410090000000000010e-01 1.386160520368815924e+03
2.442209999999999936e-01 1.360363479883418449e+03
2.474320000000000130e-01 1.335885935450542775e+03
2.506430000000000047e-01 1.311859663220957600e+03
2.538540000000000241e-01 1.287459812273669058e+03
2.570660000000000167e-01 1.262252898723892940e+03
2.602769999999999806e-01 1.235982997142222985e+03
2.634880000000000000e-01 1.208513647773395405e+03
2.666990000000000194e-01 1.180047810474318339e+03
2.699110000000000120e-01 1.150881558477560020e+03
2.731219999999999759e-01 1.121255096602681078e+03
2.763329999999999953e-01 1.091835194540800785e+03
2.795449999999999879e-01 1.062990973539803008e+03
2.827560000000000073e-01 1.035262396313640465e+03
2.859670000000000267e-01 1.009009111162198451e+03
2.891779999999999906e-01 9.844833512378501155e+02
2.923899999999999832e-01 9.617927213383533172e+02
2.956010000000000026e-01 9.409420897358457978e+02
2.988120000000000220e-01 9.217471983346755451e+02
3.020229999999999859e-01 9.040137174609316162e+02
3.052349999999999786e-01 8.875007363985962456e+02
3.084459999999999980e-01 8.718798657062076245e+02
3.116570000000000173e-01 8.569139296287416983e+02
3.148690000000000100e-01 8.423272541708723793e+02
3.180799999999999739e-01 8.278638367872866866e+02
3.212909999999999933e-01 8.133262036333619562e+02
3.245020000000000127e-01 7.986054376804895583e+02
3.277140000000000053e-01 7.836437234536776941e+02
3.309250000000000247e-01 7.684533509645832510e+02
3.341359999999999886e-01 7.531577695102306507e+02
3.373479999999999812e-01 7.378548690980130687e+02
3.405590000000000006e-01 7.226627043026146566e+02
3.437700000000000200e-01 7.077710232988982852e+02
3.469809999999999839e-01 6.932837447343816848e+02
3.501929999999999765e-01 6.792983328904018663e+02
3.534039999999999959e-01 6.658985858911416926e+02
3.566150000000000153e-01 6.531441191478060091e+02
3.598270000000000080e-01 6.410543848671587739e+02
3.630380000000000273e-01 6.296213526371632270e+02
3.662489999999999912e-01 6.187876701773906234e+02
3.694609999999999839e-01 6.084969689250813190e+02
3.726720000000000033e-01 5.985968291697413406e+02
3.758830000000000227e-01 5.890177470026778792e+02
3.790939999999999865e-01 5.796734573474979015e+02
3.823059999999999792e-01 5.704803540069191286e+02
3.855169999999999986e-01 5.613837861363125512e+02
3.887280000000000180e-01 5.523554939374880632e+02
3.919400000000000106e-01 5.433621956447050252e+02
3.951509999999999745e-01 5.344040638643298280e+02
3.983619999999999939e-01 5.254904997848668700e+02
4.015730000000000133e-01 5.166189035603235880e+02
4.047850000000000059e-01 5.078659525100623000e+02
4.079960000000000253e-01 4.992410470349606157e+02
4.112069999999999892e-01 4.907981879708053157e+02
4.144189999999999818e-01 4.825850366435241767e+02
4.176300000000000012e-01 4.745989515144759139e+02
4.208410000000000206e-01 4.668660405094511816e+02
4.240530000000000133e-01 4.593915418831917918e+02
4.272639999999999771e-01 4.521673424779124844e+02
4.304749999999999965e-01 4.451835364714639240e+02
4.336860000000000159e-01 4.384242960176743509e+02
4.368980000000000086e-01 4.318749580900767455e+02
4.401089999999999725e-01 4.255181977719139468e+02
4.433199999999999918e-01 4.193249566978023495e+02
4.465319999999999845e-01 4.132714275333329397e+02
4.497430000000000039e-01 4.073363450562930552e+02
4.529540000000000233e-01 4.014769742793348541e+02
4.561660000000000159e-01 3.956949065659913458e+02
4.593769999999999798e-01 3.899649360123644897e+02
4.625879999999999992e-01 3.843033342904693654e+02
4.657990000000000186e-01 3.787252440003609308e+02
4.690110000000000112e-01 3.732032009723391184e+02
4.722219999999999751e-01 3.677793776896048712e+02
4.754329999999999945e-01 3.624310406397144106e+02
4.786449999999999871e-01 3.571688430468582283e+02
4.818560000000000065e-01 3.520199185505508126e+02
4.850670000000000259e-01 3.469849323571433501e+02
4.882790000000000186e-01 3.420784760089530891e+02
4.914899999999999824e-01 3.373035494814930075e+02
4.947010000000000018e-01 3.326511922947640301e+02
4.979120000000000212e-01 3.281257387507156409e+02
5.011240000000000139e-01 3.237090406386860764e+02
5.043349999999999778e-01 3.193859157887471270e+02
5.075460000000000527e-01 3.151660931701597406e+02
5.107580000000000453e-01 3.110181186448326685e+02
5.139690000000000092e-01 3.069500410135911466e+02
5.171799999999999731e-01 3.029579677354967089e+02
5.203919999999999657e-01 2.990244877358568374e+02
5.236030000000000406e-01 2.951442241793645280e+02
5.268140000000000045e-01 2.913224622140552924e+02
5.300259999999999971e-01 2.875465310153607561e+02
5.332369999999999610e-01 2.838201203730729389e+02
5.364480000000000359e-01 2.801484160867424862e+02
5.396589999999999998e-01 2.765359875248437902e+02
5.428709999999999924e-01 2.729921951778831044e+02
5.460819999999999563e-01 2.695072894124473351e+02
5.492930000000000312e-01 2.660949014038862970e+02
5.525050000000000239e-01 2.627466945992036926e+02
5.557159999999999878e-01 2.594617239080949957e+02
5.589269999999999516e-01 2.562404157239218989e+02
5.621390000000000553e-01 2.530831495525199273e+02
5.653500000000000192e-01 2.499847012832513826e+02
5.924930000000000474e-01 2.259023901753534460e+02
6.231609999999999649e-01 2.022535592451686739e+02
6.586100000000000287e-01 1.791191910529089171e+02
7.008760000000000545e-01 1.560509021695433205e+02
7.535250000000000004e-01 1.327682406048600683e+02
8.233470000000000510e-01 1.087523216217678339e+02
9.243679999999999675e-01 8.356935367017403848e+01
1.084929999999999950e+00 5.776058011773866951e+01
1.338840000000000030e+00 3.527789407946886513e+01
1.683289999999999953e+00 2.042898965826203295e+01
2.119089999999999918e+00 1.168804918267822401e+01
2.667780000000000040e+00 6.632459419250180233e+00
3.358540000000000081e+00 3.735837609920770408e+00
4.228150000000000297e+00 2.090123110521342920e+00
5.322919999999999874e+00 1.162192021067913528e+00
6.701159999999999783e+00 6.423064312363525596e-01
8.436260000000000758e+00 3.525310456978550944e-01
1.062059999999999960e+01 1.909905030560729022e-01
1.337059999999999960e+01 9.901387713797582535e-02
1.683259999999999934e+01 4.195558968606007133e-02
2.119089999999999918e+01 6.888955762725856857e-03
2.667780000000000129e+01 3.446661982901611956e-07
3.358539999999999992e+01 1.961175858636263292e-05
4.228150000000000119e+01 2.829536528798654153e-07
5.322919999999999874e+01 3.658104337130130273e-09
6.701160000000000139e+01 3.804196580760953426e-11
8.436260000000000048e+01 9.030343733488040044e-14
1.062060000000000031e+02 6.894503961892919458e-15
1.337059999999999889e+02 8.525393035626016023e-17
1.683259999999999934e+02 1.470453698773520267e-18
2.119089999999999918e+02 1.720267655497639477e-22
2.667780000000000200e+02 2.103134490533278336e-22
3.358539999999999850e+02 1.179186675271214073e-25
4.228149999999999977e+02 2.180275318715776498e-26
5.322920000000000300e+02 3.533258056413407101e-28
6.701159999999999854e+02 3.308422229823142805e-31
8.436259999999999764e+02 4.609494466491416752e-32
1.062059999999999945e+03 4.093377186013047239e-34
